%YAML:1.0
---
model_type: PINHOLE
camera_name: camera
image_width: 640
image_height: 480
distortion_parameters:
   k1: 0.0
   k2: 0.0
   p1: 0.0
   p2: 0.0
projection_parameters:
   fx: 675.3495734774081
   fy: 671.4227002105729
   cx: 305.0404325070671
   cy: 269.93700606682904
