%YAML:1.0
---
model_type: PINHOLE
camera_name: camera
image_width: 640
image_height: 480
distortion_parameters:
   k1: 0.0
   k2: 0.0
   p1: 0.0
   p2: 0.0
projection_parameters:
   fx: 669.9961898680316
   fy: 657.0195372009896
   cx: 273.73032960110874
   cy: 202.54893531489967
